1,5,4311566754331214447147665313325651472654114
2,1,5624145534151323444631411132361623521662241663333344143262535312345244516153313324236115244151116562665423366461515251425122311635
3,5,1211211221111211111211111221121221211211212122212122112111112122121121112
4,1,654632887873555156122336757435
5,3,367514754994888511946
6,5,113221333133
7,1,33121122213132121121311211131331231331221112312333132122111112132112221132313123122313123113333212121
8,2,111111111111111111111111111111111111111111111111111111111111111111111111111111111111111111111111111111111111111111111111111111111111111111111111111111111111111111111111111111111111111
9,2,7425256813228467553557133423677845222811344267326133886442278337287276722587
10,2,4481475851413874186676628723534871415158455857384852465546545133318163776588337841681511632858374382544441373827445244874413387734686
11,3,212323131323222333213213121322322211332111223311112233132121233231132332131321121131311223311223123112122231121132232131221131323122311213321222113111121311131323212132231331123213223122123222121231
12,5,314312331434141314111421231213244342243124412122
13,1,65324325728617131365366372458652822252834253876777858547233716573413627548654465124866337344611351611814334411
14,3,43624224661264532162131265534326112661632526642333456425561445516541531353351554252411666251465345233161425434221
15,5,12121222211111
16,5,4754714114717313623531848773588262317477
17,2,41153166554454316124441226421255643645561163314224536161525312216251164513143253231236115555325424623514515623621
18,2,2321322121123233332123222221131221312111323212223212132332122122221121112213322223133321332332121331331233112112121311211121312123211112232122123233223212132133321333323113221212
19,2,223468145423967232582
20,3,5464554275
21,1,615633361316633544125365513661131335
22,4,446414465552545125155656423165156344225531216316231264543516125244265233225635363225356443652446435644113324234421364646552522216452641315251264133353532136145565534363454533516636355435
23,4,664552242313414455642455251462265164362445521344464554136655543235112114631626653112214611525443222325365625416114612223416431536
24,2,1122113112311331233213312112122121123331111321312313113311132311112221311233332321332313123133233312133232112333132112123131323
25,5,14412423432331212214411313211432144144141212114142213222421113341321131
26,5,613761315751611472644426263435742677272
27,2,11132313323323231231212132113232213213331113321331123211113213233223123322122212233221113
28,1,53248861387521626445543486858154544168632224511587156885135113685447726752312376354252788675833436841244621763726264166431756558117744337338132638175885747542261747357755783728782244442761
29,3,111111111111111111111111111111111111111111111111111111111111111111111111111111111111111111111111111111111111111111111111111111111111111111111111111111111111111111111111111
30,4,31332242331422321112443413444421433121443143321421444242343313123413411342431111423232322122234423414343334422423412113241
31,4,1435113576432243543443661424137554571141175444377723771314342353376132333451436372216774
32,3,123143132314322413433244444113324331243331332111324322223124332124443413424141441333221342213143442342122322431344244144313334421413234131431232322412122232223423233434221232142124314213331334
33,2,14114321212442442431223414141422413442133234324213413313323212111122114344424433442221324343344
34,4,221133122113312332333
35,3,58275678335757168356818152484632511346637733644427337525887223473625886385456426474216837678268324361458381387851368643348333
36,2,643262315531336622635376553617756516451335554133741345176464417577673347161174532526115426314354777241544213463544344716547731275664361565311551551362473174575652364656457771476471636144
37,5,48136688441556368662582715431328137176435333158538728258443867242267576536422418114461132132366483151514374485273881487681558715853656516785515471117537856
38,5,2534135231513241252545432215331152425453234523413414524332511351112251222432543123221321445412535511133245414415433152435242555432115423134213344452
39,5,3124243421143
40,2,341412241133411214313234412122
41,5,435454651531571371141654153377417741717314234774351413426573652466264317547261541776266662723515462227354672652734212
42,4,3412343224224321344421324422224432121421322441423212443124423142434244212434221124344143432234111221141122412413313241431141311
43,3,111111111111111111111111111111111111111111111111111111111111111111111111111111111111111111111111111111111111111111111111111
44,5,1221221222111111221222221121222111222221211222121211111121212211211122122221221221121
45,4,3457571527546331445515266617447323656413344151714552713717277421422247227462451663533132474631215723664655144546455222525447534
46,2,799152871819231276669697873715181925787337816385839675133438725568265678246329946691
47,5,23212322323321
48,4,1111111111111111111111111111111111111111111111111111111111111111111111111111111111111111111111111111111111111111
49,1,4536236533264233662544614235346156633614432516611435646523653551311356364124613455513242651243516615
50,4,1111111111111111111111111
51,5,2411411421113431231114432423243313321324442123324114412412441422231243122132313144123231233
52,4,6868934881423962459189668157788717321419182568716214137464342424247347234947253846392812846561182
53,4,121122221221222122112221212222211221121222112222121221212121212222212111121212222112121221112121111111112212212222121122112212222222122112122112222121112111112211212112222122
54,3,11111211221212221111211122221222121121111121222212
55,5,11111111111111111111111111111111111111111111111111111111111111111111111111111111111111111111
56,4,22221211221211111112112112122222211122111212212121122212121221212211211222111221211212122222122122121222111121111222211221212222222221212221222122211211212211122212211111211222
57,4,31223431123111445542234512331535515524411315512123432155233442524314522422143521254125521134455412115255555211154311343531455543425
58,5,5566538462412613564752316273661336334837377868773342253265857437848422852236428124388616146627338881287
59,5,3344224333231133331451222211411243123321225541255352113
60,3,4145147454
61,4,141132442342143
62,4,111111111111111111111111111111111111111111111111111111111111111111111111111111111111111111111111111111111111111111111111111111
63,5,1221112122111122111121211122221211222111121111111121211221121111212211222121122112
64,3,111111111111111111111111111111111111111111111111111111111111111111111111111111111111111111111111111111111111111
65,1,212211222222122211222122111222222111211212221212122111212112222111211112112222212111112222122221211221122221212222211112111112222211121111122221121211112111221
66,3,341444344341144112223412431
67,1,2122244224343424444221323231113124341121131341322224231434322221332443211424122231442113321142342411321122413132243114214341312231223333322222
68,2,474358528948552225278575253277857759731164828821741217
69,2,235455144534411424151454133515224212234113312224125342443211512433
70,2,54345534451152111311323542152544341331351453222434222322311141533442325
71,1,166651262777
72,1,323222122221332112122232323132113
73,4,2773812741168163241872253583878565341488218812111813865527728641676211254126385557277337854643434677263527816646154317575512115761782513322372321352173257682682334413864353647611337582782756
74,2,6123464226315156416352514511464616112144152111562335412161323543122564442212463535153552141636646642353142611434554325536152
75,2,321131231111132323231122233132123213113133113221321121311223123222332132233113223122122323332123131113312232122311233321323331231211332312311222132222133233122133132
76,2,5242152432325535541515251513234411213355112242512525425322214
77,1,2332233232221321133331133312332112312332313222
78,5,3811117792159927752884358754211854687679192334245471998617197163728376798976756335648161383811979518967557844971227214886135519423882462845479767944786
79,4,45276351275335213717233287166786211228463558518653774664867
80,5,53122127346361423327415624623646542146146324214342162473244433226312134717143356475444677357451657146477774262163733137126473343
81,2,11111111111111111111111111111111111111111111111111111111111111111111111111111111111111111111111111111111111111111111111111111111111111111111111111111111111111111111111111111111111111111111111
82,3,2212211212111122112112112212111122121111212221212112222221121112111211122212221121122112111222
83,5,82188214498984911315365898983797125943484623938981871587598282633
84,4,11111111111111111111111111111111111111111111111111111111111111111111111111111111111111111111111111111111
85,2,25641235311523632432561321155361122421136144342656151122256461222134651152562142612361524141622611153532565532553165314231566541633225555531531154163
86,2,11111111111111111111111111111111111111111111111111111111111111111111111111111111111111111111111111111111111111111111111111111111111111111111111111111
87,3,422116364626767624422733754311666132116156613674234324121476126774353541754535746716457263567254532713777123757
88,3,11111111111111111111111111111111111111111111111111111111111111111111111111111111111111111111111111111111111111111111111111111111111111111
89,2,321222332213223131122313121121122312222313113213122312
90,5,73585768725235127683568341182114315811835783717211683211157616773822161836643636426633332327323232738557767822436873274345286321218285882645375713
91,2,64715355141341323436646622154625445755344362345574474221515676744667173231425754745166766534745176326535143563413727477311257555711363563161346324162765224631365176155221723
92,2,45341113315551224154112245323152515235544424312111413515135324511215321223
93,2,1244331223121441214123323212443414312112134122331421422144333112411112111441412
94,4,1465265353266121551531335554553614645612222352241613122212125662212532453465552411116645431522266115552445
95,2,111111111111111111111111111111111111111111111111111111111111111111111
96,1,314343122313324324231444441342243123424412424421223
97,3,1134554551555251314354431415442222352423312122352153554442525545222544444142243453242322245151251114413521212344533542552425444112143223113514112
98,3,157135784628113314148573877864632762747462481
99,5,2222141123625421616613345643336465542512465132132223613124455153632323121451643454622433343416565325562236163621256554325454646354341311132666355644551222253
100,1,31312313112112212312211222233111212311133233212111112233
101,5,34231235225322531131523533322311324355212324213534323111415234512341535313444124424553311223121345535424413424423453113345413213135
102,1,21223111131232333121231133321312322311133231232232212233111312111323332221332211132
103,2,162551152223262541645646461151365264435113542363336146114244264244456135514561334253
104,2,245213332455243425422212513214423343415
105,2,15433562225433615321413454434132655111156216411641542154366256644314421342444116535534561125441254142623514451125
106,2,787378369295185878338242222399358994547587367539244122935978617167699241393152247641172795294657971483793837247562468576495588618752354152739741995694829
107,4,33378358553536776545136154355255365824343222717767537454578122687187743374171342535762742288474658541788584328831585753555327615627451688181355443163242122285337476553342734538412668684
108,3,4417757543
109,2,13132331223331222313111313312332322322333211133122121322333
110,4,646132761531663466126227673445633572536171452713256733371251631642654424655222
111,2,11111111111111111111111111111111111111111111111111111111111111
112,5,642246
113,4,5759844778659232569336894229724572864869174549349668527683376963381428388779651348144674492414769565998513868741264223527
114,2,3717747525265714552665556441462562247364376535552477266515445672455717717472366257144134321414672476312416135762554147323
115,2,2112222121112121221112121112211212222222222212111121122
116,2,183626776276553138841663525125754275634487628636
117,1,3522225222123554215412133441345222255354531554333454343132234412421254113544433
118,2,11121111112121221211122112112111222122122121222221211212122222222121111221121211211111112221211221122
119,2,2155134131131515241221233413222235134
120,2,5731876194362792533123751282875958718467517187163148422969743968687625945638186769248676235575969767446464182565126716419999552195849764768515455441272268749895749
121,5,225534544564445135712273647363364416227122153626322512157637673734241315337477333462636323436516141376245432346476163654141177426415655545231322537333
122,3,232248583282265653256413712117151373578234338734281225423673712722611861814667546234634843831416528333736543145361723528555267112347356728767712713344545454467766262388156748151888
123,5,711434687581714635618384174537546611756652885453827118735185525438311455174723148636181317275858375825661214331843662878747336463782284224656
124,1,211122111122121112122112221212211122221222211
125,1,125532352252125312253154142453331435434534545545422245544521331553454142114223424342235111445455351413315323212135153232
126,3,131331311333333231123233333112321232321121311232111111212112332332232132212333223322123211133123113321322112232131123313123223323131212133333212213321113332233321
127,1,22221222111222111212212111212211111122121221211122212211112121221221112211112121221122221221121121211111112121212
128,2,875388746348757455541352354667783824624646812732541167561711612255216414648834121171642422358562256487723727566741571113332812443831878371445325281534128526523482878552
129,4,255885753653644212471175817887672464152323845225248538181
130,4,22343157764641352337263632126117614741323345322577618864733828534338414843133385671144147846284216485278746145587388155312785628865186487433311151642835484875755632556538214464622
131,2,243761261721571723242675451243731221333637355115652762124251336522213327753167425244672227155444514676462271131113475647424442673761632641747646215236671624752624513365234
132,3,11111111111111111111111111111111111111111111111111111111111111111111111111
133,3,1462155513521343365354645545114212515232113651343641434162543353514361515316423164646614641464533152513424262351553346141642325161565512263356614555546534224446154644166565132464434534
134,4,23545
135,1,33332122123112221211123212332111213132121221332321123221123212331133212122131322132333121122332321223213212211132211331133233312
136,4,344224243223231114314211332231423144334134134121132132211312232121142443131211121321212344442113
137,3,1451322224323253415423544451235515443424421431533514522334232312335241512353241132225441425342551125324113353415145513515212342255211441215124332134431212242354112253145233423144431141111324525
138,1,11111111111111111111111111111
139,3,679545654242391693353324135215699294811361193558693568662512717376951554832525973996175259797693123425674413581237679188434571382735727692588298917867471153472328552227926
140,2,33331
141,5,3313311343131
142,1,11111111111111111111111111111111111111111111111111111111111111111111111111111111111111111111111111111111111111111111111111111111111
143,1,11111111111111111111111111111111111111111111111111111111111111111111111111111111111111111111111111111111111111
144,5,13336222454356316441454626121266341265152613
145,1,111111111111111111111111111111111111111111111111111111111111111111111111111111
146,2,414131412422123444322142432212341421312124
147,5,11112212121112211212121121221
148,4,11111111111111111111111111111111111111111111111111111111111111111111111111111111111111111111111111111111111111111111111111111111111111111
149,4,11111111111111111111111111111111
150,5,11111111111111111111111111111111111111111111111111111111111111111111111111111111111111111111111111111111111111111111111111111111111111111111
151,3,272688647375515417731714783482617336352364455344122158728268416338323344446526111746311545182216488347342532517216168525525672325425845743313783764732771563864288583677161438415582457362873156
152,2,211231223121221331131313211132222
153,3,21211212212112221121112221122221222211122121211111112211121211212221212112222211212111212212122211222222221
154,1,1698364271969617181775814641635256288274416538562896251814414
155,4,94448594419892883462931393827169932368235982686363939973162361778291944774482
156,5,75743442655576327137654142312642642231233414411677646171134337127142755362575522236614433142473226143277566337113554172673
157,3,12111222211112221121122211221122122222112111222112212112121112211112121112111212121221112122212221112211211112222121112222212211222112211
158,2,22122333131342331312214141222134333332243443422231324113432333224322411341333113123
159,4,63326716422311321652155415715773666117237742141664375663517142511527754775152363142247
160,2,44131433122111442332
161,4,55465111366515243615553421311343665133542145626111243523516664536414311115664115266221333334522514334461655313461266343661412314234143162121452223445635654162163
162,4,1211112121222222121112221221112221221111222122221112212121112112121111112121211222212221211211211222222122212222122221122111212211112222221121222122222212122121122112121
163,1,1235434721637747737233245544647146437371146351311124415647774466153233
164,2,3174227374348562666729553122196677755747193534773299342353178522392721857798799
165,2,144311424434343134144222142244432231443241424411414412432214331242444113132121442112
166,5,577655738233327244363744387748358247548836347234168824253385378785816361681168583224562435272672856211713777157285371434467783327884373312571614554566537577357825738568245251735742175
167,2,33552215115541453344123311552313451235254212452411245215423114142352133512252431252135513425532151431224454113533214431453551424554351214244531424311235452451422555545515121234134514
168,2,177164276724438165466581288664356433336725381467354847786371577475488775575136764525421411562857836136312532727856646626576321634684256736162155454628677653161854418225365681
169,1,52151133525413
170,1,444234561324543513315444146364231661543646636166433341355531213546542356354354531253626
171,5,2524413625461363645562656651625126156611326216652532513311434563
172,3,157513146442426165375111474352563765325433315147263317164353655527726326356772572324272151321142512732735674314513
173,4,4131313431312231243221121343111213134421314432413413433113312223141242
174,3,773935974823918945998838955859436926249782481612139779846128125214655243473147677595124869538984934476942342324417272332412888831984368293385119933473878763278494875235298
175,3,423134111322341121224114431323444423221413421132233322424124222343231213412143444433241
176,4,1111111111111111111111111111111111111111111111111111111111111111111111111111111111111111111111111111111111111111111111111111111111111111
177,5,21113332123332332121233331112212212223321121232212212312222221131221231113322321321313333211113331112313222213331323322
178,1,5127214263456415432436377324667326761254164347261367676232234135333335244563272513622767632614431314
179,2,6721272747457333156541161465444416632212156716471344164537377152443554464513644363477145722513436614737214167374415614424263342222561732741212425415772
180,2,12122122121112211122112111221121221222111111211111121222112112222221112121122122
181,3,42522241255131322454154425325325433225421413253345243551141125441452113445343343424335542431524141412141513432332254121532111113355253145514155435212512144525444533434222314231434
182,1,1111111111111111111111111111111111111111111
183,4,1111111111111111111111111111111111111111111111111111111111111111111111111111111111111111111111111111111111111111111111111111111111111111111111
184,5,3331441
185,3,271374121127546571361255741462535652746614154164342573556612712532143372317437575631763561777465661411711475237155627455221763332453376652262117117645365615222356275676765163526166342275716
186,1,543636122645546223
187,4,731473289494118744837749237162759744127376988756936972959877857639575115913818883647817977974566123421495661853348829737826564489814144866
188,4,34321133542342123354535443254113355243431542245411242131251142535
189,1,1111122221121121212111212111112111111221221122221122222212211121112122211212212222221122121121122222112112
190,5,23563166661125566155551343131352516124545642625461433242515524126212225353654143525256452155512464545435113326252
191,4,4313144132121142324221334144132411311432344234342312134233322133432311224121441244122224441433413343211312111342142313314122112423341314214124241443442113221112413212343441212331432122323432113424234
192,3,4158564888272257457566768854673886572414133143814346425236313633
193,5,1495732777974593375125546644956935298569153625492737137184345476323387499187
194,1,11111111111111111111111111111111111111111111111111111111111111111111111111111111111111111111111111111111111111111111111111111111111111111111111111111111111
195,1,1313123122312121111331333231212111111231112232312231121112123212311121312211133233113223332222333211231312321322111
196,1,1111111111111111111111111111111111111111111111111111111111111111111111111111111111111111111111111111111111111111111111111111111111
197,2,416772833247541558582736773
198,1,5331111531251535423435143551442354255354141231432231423451232252211311551255343215343435452443424311443153433223421523513532453351121524423542443154512455151443424343115221541444433214133242224
199,1,6244554711465337574746371717237432416154333135145321422534616624454333622622266253547676722752243262332266712621351754243531364713712555577264223551746261416121566621513354765651131752766344112546
200,1,15531151414145113554244425355552513551232331234455321241223114121353323332424451252541252114421411214335115155223353522152324533524541531
