Resultados de la Simulación

Tiempo total: 20202.2214
Total de Referencias hechas: 20088
Total de Fallos de Página: 2324
Tamaño de las memorias:
DRAM: 256 marcos.
PCM: 512 marcos.
Memoria Virtual: 1024 marcos.

	|| Procesos Ejecutados ||
PID	Prior.	T. Total	T. Espera	Cadena de Referencia
6	5		237			225			113221333133
39	5		207			194			3124243421143
15	5		570			556			12121222211111
140	2		596			591			33331
1	5		1022			979			4311566754331214447147665313325651472654114
108	3		844			834			4417757543
47	5		1031			1017			23212322323321
61	4		979			964			141132442342143
60	3		1194			1184			4145147454
184	5		1010			1003			3331441
134	4		1628			1623			23545
147	5		1954			1925			11112212121112211212121121221
141	5		1957			1944			3313311343131
26	5		2506			2467			613761315751611472644426263435742677272
112	5		2377			2371			642246
20	3		3029			3019			5464554275
34	4		3048			3027			221133122113312332333
5	3		3142			3121			367514754994888511946
59	5		3015			2960			3344224333231133331451222211411243123321225541255352113
50	4		3457			3432			1111111111111111111111111
160	2		3476			3456			44131433122111442332
66	3		4102			4075			341444344341144112223412431
12	5		4528			4480			314312331434141314111421231213244342243124412122
83	5		4420			4355			82188214498984911315365898983797125943484623938981871587598282633
3	5		4955			4882			1211211221111211111211111221121221211211212122212122112111112122121121112
19	2		4970			4949			223468145423967232582
152	2		4726			4693			211231223121221331131313211132222
171	5		4737			4673			2524413625461363645562656651625126156611326216652532513311434563
144	5		5189			5145			13336222454356316441454626121266341265152613
132	3		5381			5307			11111111111111111111111111111111111111111111111111111111111111111111111111
40	2		6053			6023			341412241133411214313234412122
16	5		6132			6092			4754714114717313623531848773588262317477
149	4		5960			5928			11111111111111111111111111111111
104	2		6069			6030			245213332455243425422212513214423343415
193	5		6050			5974			1495732777974593375125546644956935298569153625492737137184345476323387499187
44	5		6753			6668			1221221222111111221222221121222111222221211222121211111121212211211122122221221221121
110	4		7128			7050			646132761531663466126227673445633572536171452713256733371251631642654424655222
169	1		7204			7190			52151133525413
186	1		7155			7137			543636122645546223
136	4		7356			7260			344224243223231114314211332231423144334134134121132132211312232121142443131211121321212344442113
155	4		7388			7311			94448594419892883462931393827169932368235982686363939973162361778291944774482
51	5		7707			7616			2411411421113431231114432423243313321324442123324114412412441422231243122132313144123231233
98	3		7794			7749			157135784628113314148573877864632762747462481
25	5		8042			7971			14412423432331212214411313211432144144141212114142213222421113341321131
71	1		7947			7935			166651262777
173	4		8449			8379			4131313431312231243221121343111213134421314432413413433113312223141242
116	2		8939			8891			183626776276553138841663525125754275634487628636
79	4		9080			9021			45276351275335213717233287166786211228463558518653774664867
21	1		9302			9266			615633361316633544125365513661131335
55	5		9465			9373			11111111111111111111111111111111111111111111111111111111111111111111111111111111111111111111
129	4		9312			9255			255885753653644212471175817887672464152323845225248538181
31	4		9987			9899			1435113576432243543443661424137554571141175444377723771314342353376132333451436372216774
63	5		10065			9983			1221112122111122111121211122221211222111121111111121211221121111212211222121122112
54	3		10342			10292			11111211221212221111211122221222121121111121222212
89	2		10213			10159			321222332213223131122313121121122312222313113213122312
192	3		10237			10173			4158564888272257457566768854673886572414133143814346425236313633
72	1		10505			10472			323222122221332112122232323132113
111	2		10697			10635			11111111111111111111111111111111111111111111111111111111111111
101	5		10728			10597			34231235225322531131523533322311324355212324213534323111415234512341535313444124424553311223121345535424413424423453113345413213135
115	2		10747			10692			2112222121112121221112121112211212222222222212111121122
30	4		11005			10883			31332242331422321112443413444421433121443143321421444242343313123413411342431111423232322122234423414343334422423412113241
172	3		10926			10812			157513146442426165375111474352563765325433315147263317164353655527726326356772572324272151321142512732735674314513
119	2		11055			11018			2155134131131515241221233413222235134
48	4		11306			11194			1111111111111111111111111111111111111111111111111111111111111111111111111111111111111111111111111111111111111111
76	2		11196			11135			5242152432325535541515251513234411213355112242512525425322214
69	2		11270			11204			235455144534411424151454133515224212234113312224125342443211512433
159	4		11121			11035			63326716422311321652155415715773666117237742141664375663517142511527754775152363142247
58	5		11480			11377			5566538462412613564752316273661336334837377868773342253265857437848422852236428124388616146627338881287
177	5		11260			11141			21113332123332332121233331112212212223321121232212212312222221131221231113322321321313333211113331112313222213331323322
23	4		11759			11630			664552242313414455642455251462265164362445521344464554136655543235112114631626653112214611525443222325365625416114612223416431536
190	5		11335			11222			23563166661125566155551343131352516124545642625461433242515524126212225353654143525256452155512464545435113326252
197	2		11377			11350			416772833247541558582736773
165	2		11533			11449			144311424434343134144222142244432231443241424411414412432214331242444113132121442112
146	2		11623			11581			414131412422123444322142432212341421312124
156	5		11655			11533			75743442655576327137654142312642642231233414411677646171134337127142755362575522236614433142473226143277566337113554172673
153	3		11777			11670			21211212212112221121112221122221222211122121211111112211121211212221212112222211212111212212122211222222221
38	5		12280			12132			2534135231513241252545432215331152425453234523413414524332511351112251222432543123221321445412535511133245414415433152435242555432115423134213344452
45	4		12355			12228			3457571527546331445515266617447323656413344151714552713717277421422247227462451663533132474631215723664655144546455222525447534
113	4		12298			12177			5759844778659232569336894229724572864869174549349668527683376963381428388779651348144674492414769565998513868741264223527
4	1		12631			12601			654632887873555156122336757435
68	2		12547			12493			474358528948552225278575253277857759731164828821741217
188	4		12327			12262			34321133542342123354535443254113355243431542245411242131251142535
78	5		12574			12423			3811117792159927752884358754211854687679192334245471998617197163728376798976756335648161383811979518967557844971227214886135519423882462845479767944786
109	2		12607			12548			13132331223331222313111313312332322322333211133122121322333
175	3		12606			12519			423134111322341121224114431323444423221413421132233322424124222343231213412143444433241
62	4		12971			12845			111111111111111111111111111111111111111111111111111111111111111111111111111111111111111111111111111111111111111111111111111111
121	5		12864			12714			225534544564445135712273647363364416227122153626322512157637673734241315337477333462636323436516141376245432346476163654141177426415655545231322537333
41	5		13097			12980			435454651531571371141654153377417741717314234774351413426573652466264317547261541776266662723515462227354672652734212
161	4		12830			12669			55465111366515243615553421311343665133542145626111243523516664536414311115664115266221333334522514334461655313461266343661412314234143162121452223445635654162163
14	3		13220			13107			43624224661264532162131265534326112661632526642333456425561445516541531353351554252411666251465345233161425434221
164	2		12887			12808			3174227374348562666729553122196677755747193534773299342353178522392721857798799
52	4		13230			13133			6868934881423962459189668157788717321419182568716214137464342424247347234947253846392812846561182
92	2		13171			13097			45341113315551224154112245323152515235544424312111413515135324511215321223
93	2		13190			13111			1244331223121441214123323212443414312112134122331421422144333112411112111441412
94	4		13206			13100			1465265353266121551531335554553614645612222352241613122212125662212532453465552411116645431522266115552445
84	4		13280			13176			11111111111111111111111111111111111111111111111111111111111111111111111111111111111111111111111111111111
87	3		13336			13225			422116364626767624422733754311666132116156613674234324121476126774353541754535746716457263567254532713777123757
191	4		13145			12946			4313144132121142324221334144132411311432344234342312134233322133432311224121441244122224441433413343211312111342142313314122112423341314214124241443442113221112413212343441212331432122323432113424234
80	5		13399			13271			53122127346361423327415624623646542146146324214342162473244433226312134717143356475444677357451657146477774262163733137126473343
57	4		13560			13429			31223431123111445542234512331535515524411315512123432155233442524314522422143521254125521134455412115255555211154311343531455543425
150	5		13374			13234			11111111111111111111111111111111111111111111111111111111111111111111111111111111111111111111111111111111111111111111111111111111111111111111
82	3		13509			13415			2212211212111122112112112212111122121111212221212112222221121112111211122212221121122112111222
90	5		13584			13438			73585768725235127683568341182114315811835783717211683211157616773822161836643636426633332327323232738557767822436873274345286321218285882645375713
37	5		13859			13704			48136688441556368662582715431328137176435333158538728258443867242267576536422418114461132132366483151514374485273881487681558715853656516785515471117537856
166	5		13569			13386			577655738233327244363744387748358247548836347234168824253385378785816361681168583224562435272672856211713777157285371434467783327884373312571614554566537577357825738568245251735742175
118	2		13722			13621			11121111112121221211122112112111222122122121222221211212122222222121111221121211211111112221211221122
182	1		13696			13653			1111111111111111111111111111111111111111111
95	2		13890			13821			111111111111111111111111111111111111111111111111111111111111111111111
148	4		13807			13670			11111111111111111111111111111111111111111111111111111111111111111111111111111111111111111111111111111111111111111111111111111111111111111
138	1		13961			13932			11111111111111111111111111111
123	5		14011			13870			711434687581714635618384174537546611756652885453827118735185525438311455174723148636181317275858375825661214331843662878747336463782284224656
157	3		13999			13862			12111222211112221121122211221122122222112111222112212112121112211112121112111212121221112122212221112211211112222121112222212211222112211
56	4		14268			14092			22221211221211111112112112122222211122111212212121122212121221212211211222111221211212122222122122121222111121111222211221212222222221212221222122211211212211122212211111211222
176	4		14038			13902			1111111111111111111111111111111111111111111111111111111111111111111111111111111111111111111111111111111111111111111111111111111111111111
22	4		14434			14248			446414465552545125155656423165156344225531216316231264543516125244265233225635363225356443652446435644113324234421364646552522216452641315251264133353532136145565534363454533516636355435
35	3		14407			14282			58275678335757168356818152484632511346637733644427337525887223473625886385456426474216837678268324361458381387851368643348333
42	4		14444			14317			3412343224224321344421324422224432121421322441423212443124423142434244212434221124344143432234111221141122412413313241431141311
70	2		14415			14344			54345534451152111311323542152544341331351453222434222322311141533442325
99	5		14382			14225			2222141123625421616613345643336465542512465132132223613124455153632323121451643454622433343416565325562236163621256554325454646354341311132666355644551222253
187	4		14215			14077			731473289494118744837749237162759744127376988756936972959877857639575115913818883647817977974566123421495661853348829737826564489814144866
158	2		14308			14225			22122333131342331312214141222134333332243443422231324113432333224322411341333113123
43	3		14589			14466			111111111111111111111111111111111111111111111111111111111111111111111111111111111111111111111111111111111111111111111111111
33	2		14666			14571			14114321212442442431223414141422413442133234324213413313323212111122114344424433442221324343344
9	2		14760			14684			7425256813228467553557133423677845222811344267326133886442278337287276722587
17	2		14887			14774			41153166554454316124441226421255643645561163314224536161525312216251164513143253231236115555325424623514515623621
154	1		14571			14510			1698364271969617181775814641635256288274416538562896251814414
162	4		14572			14403			1211112121222222121112221221112221221111222122221112212121112112121111112121211222212221211211211222222122212222122221122111212211112222221121222122222212122121122112121
183	4		14617			14475			1111111111111111111111111111111111111111111111111111111111111111111111111111111111111111111111111111111111111111111111111111111111111111111111
88	3		14994			14857			11111111111111111111111111111111111111111111111111111111111111111111111111111111111111111111111111111111111111111111111111111111111111111
180	2		15054			14974			12122122121112211122112111221121221222111111211111121222112112222221112121122122
77	1		15267			15221			2332233232221321133331133312332112312332313222
107	4		15270			15085			33378358553536776545136154355255365824343222717767537454578122687187743374171342535762742288474658541788584328831585753555327615627451688181355443163242122285337476553342734538412668684
126	3		15440			15278			131331311333333231123233333112321232321121311232111111212112332332232132212333223322123211133123113321322112232131123313123223323131212133333212213321113332233321
130	4		15789			15610			22343157764641352337263632126117614741323345322577618864733828534338414843133385671144147846284216485278746145587388155312785628865186487433311151642835484875755632556538214464622
114	2		15941			15820			3717747525265714552665556441462562247364376535552477266515445672455717717472366257144134321414672476312416135762554147323
46	2		16144			16060			799152871819231276669697873715181925787337816385839675133438725568265678246329946691
103	2		16095			16011			162551152223262541645646461151365264435113542363336146114244264244456135514561334253
85	2		16134			15985			25641235311523632432561321155361122421136144342656151122256461222134651152562142612361524141622611153532565532553165314231566541633225555531531154163
53	4		16631			16457			121122221221222122112221212222211221121222112222121221212121212222212111121212222112121221112121111111112212212222121122112212222222122112122112222121112111112211212112222122
27	2		16762			16673			11132313323323231231212132113232213213331113321331123211113213233223123322122212233221113
32	3		16819			16627			123143132314322413433244444113324331243331332111324322223124332124443413424141441333221342213143442342122322431344244144313334421413234131431232322412122232223423233434221232142124314213331334
122	3		16658			16478			232248583282265653256413712117151373578234338734281225423673712722611861814667546234634843831416528333736543145361723528555267112347356728767712713344545454467766262388156748151888
185	3		16563			16374			271374121127546571361255741462535652746614154164342573556612712532143372317437575631763561777465661411711475237155627455221763332453376652262117117645365615222356275676765163526166342275716
73	4		16826			16636			2773812741168163241872253583878565341488218812111813865527728641676211254126385557277337854643434677263527816646154317575512115761782513322372321352173257682682334413864353647611337582782756
139	3		16739			16568			679545654242391693353324135215699294811361193558693568662512717376951554832525973996175259797693123425674413581237679188434571382735727692588298917867471153472328552227926
170	1		16783			16696			444234561324543513315444146364231661543646636166433341355531213546542356354354531253626
97	3		16951			16806			1134554551555251314354431415442222352423312122352153554442525545222544444142243453242322245151251114413521212344533542552425444112143223113514112
64	3		17273			17162			111111111111111111111111111111111111111111111111111111111111111111111111111111111111111111111111111111111111111
100	1		17168			17112			31312313112112212312211222233111212311133233212111112233
181	3		17102			16923			42522241255131322454154425325325433225421413253345243551141125441452113445343343424335542431524141412141513432332254121532111113355253145514155435212512144525444533434222314231434
29	3		17513			17342			111111111111111111111111111111111111111111111111111111111111111111111111111111111111111111111111111111111111111111111111111111111111111111111111111111111111111111111111111
10	2		17594			17461			4481475851413874186676628723534871415158455857384852465546545133318163776588337841681511632858374382544441373827445244874413387734686
117	1		17439			17360			3522225222123554215412133441345222255354531554333454343132234412421254113544433
179	2		17408			17257			6721272747457333156541161465444416632212156716471344164537377152443554464513644363477145722513436614737214167374415614424263342222561732741212425415772
24	2		17875			17748			1122113112311331233213312112122121123331111321312313113311132311112221311233332321332313123133233312133232112333132112123131323
124	1		17742			17697			211122111122121112122112221212211122221222211
86	2		17802			17653			11111111111111111111111111111111111111111111111111111111111111111111111111111111111111111111111111111111111111111111111111111111111111111111111111111
145	1		17750			17672			111111111111111111111111111111111111111111111111111111111111111111111111111111
74	2		17891			17767			6123464226315156416352514511464616112144152111562335412161323543122564442212463535153552141636646642353142611434554325536152
128	2		17810			17642			875388746348757455541352354667783824624646812732541167561711612255216414648834121171642422358562256487723727566741571113332812443831878371445325281534128526523482878552
105	2		17865			17752			15433562225433615321413454434132655111156216411641542154366256644314421342444116535534561125441254142623514451125
11	3		18221			18023			212323131323222333213213121322322211332111223311112233132121233231132332131321121131311223311223123112122231121132232131221131323122311213321222113111121311131323212132231331123213223122123222121231
106	2		17941			17788			787378369295185878338242222399358994547587367539244122935978617167699241393152247641172795294657971483793837247562468576495588618752354152739741995694829
174	3		17864			17693			773935974823918945998838955859436926249782481612139779846128125214655243473147677595124869538984934476942342324417272332412888831984368293385119933473878763278494875235298
151	3		18134			17942			272688647375515417731714783482617336352364455344122158728268416338323344446526111746311545182216488347342532517216168525525672325425845743313783764732771563864288583677161438415582457362873156
133	3		18201			18017			1462155513521343365354645545114212515232113651343641434162543353514361515316423164646614641464533152513424262351553346141642325161565512263356614555546534224446154644166565132464434534
120	2		18250			18087			5731876194362792533123751282875958718467517187163148422969743968687625945638186769248676235575969767446464182565126716419999552195849764768515455441272268749895749
137	3		18214			18021			1451322224323253415423544451235515443424421431533514522334232312335241512353241132225441425342551125324113353415145513515212342255211441215124332134431212242354112253145233423144431141111324525
143	1		18249			18139			11111111111111111111111111111111111111111111111111111111111111111111111111111111111111111111111111111111111111
135	1		18317			18189			33332122123112221211123212332111213132121221332321123221123212331133212122131322132333121122332321223213212211132211331133233312
13	1		18671			18561			65324325728617131365366372458652822252834253876777858547233716573413627548654465124866337344611351611814334411
96	1		18488			18437			314343122313324324231444441342243123424412424421223
168	2		18409			18235			177164276724438165466581288664356433336725381467354847786371577475488775575136764525421411562857836136312532727856646626576321634684256736162155454628677653161854418225365681
163	1		18479			18409			1235434721637747737233245544647146437371146351311124415647774466153233
102	1		18605			18522			21223111131232333121231133321312322311133231232232212233111312111323332221332211132
18	2		18915			18737			2321322121123233332123222221131221312111323212223212132332122122221121112213322223133321332332121331331233112112121311211121312123211112232122123233223212132133321333323113221212
8	2		19009			18826			111111111111111111111111111111111111111111111111111111111111111111111111111111111111111111111111111111111111111111111111111111111111111111111111111111111111111111111111111111111111111
36	2		18972			18786			643262315531336622635376553617756516451335554133741345176464417577673347161174532526115426314354777241544213463544344716547731275664361565311551551362473174575652364656457771476471636144
142	1		18798			18667			11111111111111111111111111111111111111111111111111111111111111111111111111111111111111111111111111111111111111111111111111111111111
167	2		18877			18695			33552215115541453344123311552313451235254212452411245215423114142352133512252431252135513425532151431224454113533214431453551424554351214244531424311235452451422555545515121234134514
49	1		19193			19093			4536236533264233662544614235346156633614432516611435646523653551311356364124613455513242651243516615
131	2		19009			18838			243761261721571723242675451243731221333637355115652762124251336522213327753167425244672227155444514676462271131113475647424442673761632641747646215236671624752624513365234
195	1		18916			18801			1313123122312121111331333231212111111231112232312231121112123212311121312211133233113223332222333211231312321322111
178	1		18973			18873			5127214263456415432436377324667326761254164347261367676232234135333335244563272513622767632614431314
75	2		19173			19008			321131231111132323231122233132123213113133113221321121311223123222332132233113223122122323332123131113312232122311233321323331231211332312311222132222133233122133132
81	2		19188			18997			11111111111111111111111111111111111111111111111111111111111111111111111111111111111111111111111111111111111111111111111111111111111111111111111111111111111111111111111111111111111111111111111
7	1		19531			19430			33121122213132121121311211131331231331221112312333132122111112132112221132313123122313123113333212121
200	1		19057			18920			15531151414145113554244425355552513551232331234455321241223114121353323332424451252541252114421411214335115155223353522152324533524541531
91	2		19333			19160			64715355141341323436646622154625445755344362345574474221515676744667173231425754745166766534745176326535143563413727477311257555711363563161346324162765224631365176155221723
2	1		19626			19496			5624145534151323444631411132361623521662241663333344143262535312345244516153313324236115244151116562665423366461515251425122311635
67	1		19490			19348			2122244224343424444221323231113124341121131341322224231434322221332443211424122231442113321142342411321122413132243114214341312231223333322222
196	1		19230			19100			1111111111111111111111111111111111111111111111111111111111111111111111111111111111111111111111111111111111111111111111111111111111
127	1		19386			19273			22221222111222111212212111212211111122121221211122212211112121221221112211112121221122221221121121211111112121212
125	1		19572			19452			125532352252125312253154142453331435434534545545422245544521331553454142114223424342235111445455351413315323212135153232
189	1		19464			19358			1111122221121121212111212111112111111221221122221122222212211121112122211212212222221122121121122222112112
198	1		19527			19334			5331111531251535423435143551442354255354141231432231423451232252211311551255343215343435452443424311443153433223421523513532453351121524423542443154512455151443424343115221541444433214133242224
194	1		19562			19407			11111111111111111111111111111111111111111111111111111111111111111111111111111111111111111111111111111111111111111111111111111111111111111111111111111111111
199	1		19580			19384			6244554711465337574746371717237432416154333135145321422534616624454333622622266253547676722752243262332266712621351754243531364713712555577264223551746261416121566621513354765651131752766344112546
65	1		19908			19749			212211222222122211222122111222222111211212221212122111212112222111211112112222212111112222122221211221122221212222211112111112222211121111122221121211112111221
28	1		20030			19842			53248861387521626445543486858154544168632224511587156885135113685447726752312376354252788675833436841244621763726264166431756558117744337338132638175885747542261747357755783728782244442761

	|| Procesos Aniquilados ||
PID	Prior.	Cadena de Referencia
